[
 {
  "ask_contract_id": 11134908,
  "bundle_id": 131440798,
  "bundled_results": null,
  "bw_nvlink": 0.0,
  "compute_cap": 890,
  "cpu_arch": "amd64",
  "cpu_cores": 256,
  "cpu_cores_effective": 256.0,
  "cpu_ghz": 3.4570309999999997,
  "cpu_name": "AMD EPYC 7763 64-Core Processor",
  "cpu_ram": 515771,
  "credit_discount_max": 0.4,
  "cuda_max_good": 12.2,
  "direct_port_count": 500,
  "discount_rate": null,
  "discounted_dph_total": 4.268055555555556,
  "discounted_hourly": 0,
  "disk_bw": 6301.0,
  "disk_name": "nvme",
  "disk_space": 1497.0,
  "dlperf": 373.433882086077,
  "dlperf_per_dphtotal": 87.49508464105936,
  "dph_base": 4.266666666666667,
  "dph_total": 4.268055555555556,
  "dph_total_adj": 4.271388888888889,
  "driver_vers": 535054003,
  "driver_version": "535.54.03",
  "duration": 747349792.0471163,
  "end_date": 2465692357.0,
  "external": null,
  "flops_per_dphtotal": 152.56729616661244,
  "geolocation": "Lancashire, GB",
  "geolocode": 231987552,
  "gpu_arch": "nvidia",
  "gpu_display_active": false,
  "gpu_frac": 1.0,
  "gpu_ids": [
   42537,
   42538,
   42539,
   42540,
   42541,
   42542,
   42543,
   42544
  ],
  "gpu_lanes": 16,
  "gpu_mem_bw": 3397.8,
  "gpu_name": "RTX 4090",
  "gpu_ram": 24564,
  "gpu_total_ram": 196512,
  "has_avx": 1,
  "host_id": 36803,
  "hosting_type": 0,
  "hostname": null,
  "id": 11134908,
  "inet_down": 584.4,
  "inet_down_cost": 0.0026666666666666666,
  "inet_up": 99.4,
  "inet_up_cost": 0.004,
  "instance": {
   "discountTotalHour": 0,
   "discountedTotalPerHour": 0.001388888888888889,
   "diskHour": 0.001388888888888889,
   "gpuCostPerHour": 0,
   "totalHour": 0.001388888888888889
  },
  "internet_down_cost_per_tb": 2.7306666666666666,
  "internet_up_cost_per_tb": 4.096,
  "is_bid": false,
  "logo": "/static/logos/vastai_small2.png",
  "machine_id": 10921,
  "min_bid": 2.7999999999999994,
  "mobo_name": "ROME2D32GM",
  "num_gpus": 8,
  "os_version": "22.04",
  "pci_gen": 4.0,
  "pcie_bw": 16.1,
  "public_ipaddr": "46.64.3.192\n",
  "reliability": 0.9955475,
  "reliability2": 0.9955475,
  "reliability_mult": 0.9573428,
  "rentable": true,
  "rented": false,
  "rn": 1,
  "score": 58.38461056797988,
  "search": {
   "discountTotalHour": 0,
   "discountedTotalPerHour": 4.268055555555556,
   "diskHour": 0.001388888888888889,
   "gpuCostPerHour": 4.266666666666667,
   "totalHour": 4.268055555555556
  },
  "start_date": 1718338133.82148,
  "static_ip": false,
  "storage_cost": 0.19999999999999998,
  "storage_total_cost": 0.001388888888888889,
  "time_remaining": "",
  "time_remaining_isbid": "",
  "total_flops": 651.165696,
  "vericode": 8,
  "verification": "deverified",
  "vram_costperhour": 0.022233078217445586,
  "webpage": null
 }
]
